03_A_L3_1.mp4, 250.0, 117, 0, 0 
04_Y_L4_2.mp4, 251.0, 0, 0, 60 
04_Y_L1_1.mp4, 253.0, 121, 0, 65 
11_T_L3_1.mp4, 253.0, 0, 0, 0 
11_T_L3_2.mp4, 250.0, 62, 12, 36 
16_M_L2_1.mp4, 253.0, 249, 0, 0 
03_A_L3_1.mp4, 250.0, 117, 0, 0 
04_Y_L4_2.mp4, 251.0, 0, 0, 60 
04_Y_L1_1.mp4, 253.0, 121, 0, 65 
11_T_L3_1.mp4, 253.0, 0, 0, 0 
11_T_L3_2.mp4, 250.0, 62, 12, 36 
16_M_L2_1.mp4, 253.0, 249, 0, 0 
04_Y_L2_2.mp4, 252.0, 0, 0, 0 
05_J_L3_1.mp4, 252.0, 24, 15, 39 
08_D_L4_2.mp4, 251.0, 13, 10, 1 
07_L_L2_1.mp4, 250.0, 218, 12, 2 
05_J_L1(A)_2.mp4, 252.0, 69, 7, 59 
01_P_L2_1.mp4, 251.0, 162, 7, 80 
16_M_L4_2.mp4, 253.0, 24, 0, 28 
12_N_L4_1.mp4, 251.0, 36, 123, 89 
01_P_L3_1.mp4, 252.0, 138, 6, 98 
14_R_L4_1.mp4, 251.0, 15, 4, 58 
04_Y_L4_1.mp4, 250.0, 36, 15, 1 
05_J_L4_1.mp4, 252.0, 102, 22, 123 
07_L_L4_2.mp4, 252.0, 52, 23, 3 
14_R_L2_2.mp4, 252.0, 128, 55, 41 
17_S_L2_2.mp4, 251.0, 188, 0, 0 
11_T_L1(A)_2.mp4, 252.0, 109, 0, 2 
13_E_L3_2.mp4, 251.0, 236, 0, 0 
03_A_L3_2.mp4, 252.0, 3, 0, 0 
16_M_L4_1.mp4, 253.0, 99, 1, 17 
03_A_L1_1.mp4, 253.0, 92, 3, 42 
14_R_L4_2.mp4, 251.0, 109, 0, 102 
03_A_L1_2.mp4, 253.0, 1, 0, 2 
08_D_L3_2.mp4, 252.0, 27, 17, 1 
17_S_L4_1.mp4, 252.0, 13, 0, 6 
16_M_L3_1.mp4, 252.0, 3, 0, 140 
03_A_L4_2.mp4, 251.0, 94, 7, 11 
15_R_L3_1.mp4, 253.0, 175, 0, 4 
13_E_L3_1.mp4, 251.0, 0, 0, 0 
13_E_L1_1.mp4, 251.0, 235, 0, 0 
14_R_L1_1.mp4, 251.0, 8, 10, 173 
07_L_L1(A)_2.mp4, 253.0, 163, 0, 0 
12_N_L2_2.mp4, 251.0, 208, 21, 12 
01_P_L4_2.mp4, 253.0, 209, 13, 0 
07_L_L3_2.mp4, 251.0, 178, 68, 2 
16_M_L1_1.mp4, 251.0, 163, 0, 5 
13_E_L2_1.mp4, 250.0, 50, 0, 0 
15_R_L1_1.mp4, 252.0, 123, 0, 0 
15_R_L4_1.mp4, 251.0, 3, 0, 0 
06_C_L1_1.mp4, 253.0, 213, 10, 30 
03_A_L2_2.mp4, 253.0, 184, 0, 0 
05_J_L1(A)_1.mp4, 251.0, 9, 14, 13 
17_S_L1_1.mp4, 253.0, 52, 0, 0 
08_D_L1_1.mp4, 251.0, 120, 59, 8 
15_R_L2_1.mp4, 251.0, 250, 0, 0 
04_Y_L3_1.mp4, 252.0, 0, 0, 0 
12_N_L2_1.mp4, 251.0, 251, 0, 0 
06_C_L4_2.mp4, 252.0, 17, 1, 101 
15_R_L3_2.mp4, 253.0, 0, 0, 0 
17_S_L1_2.mp4, 252.0, 114, 0, 0 
17_S_L3_2.mp4, 253.0, 246, 0, 7 
14_R_L1_2.mp4, 251.0, 27, 0, 90 
10_E_L4_2.mp4, 251.0, 81, 76, 56 
08_D_L2_1.mp4, 253.0, 16, 0, 0 
03_A_L4_1.mp4, 252.0, 0, 3, 0 
13_E_L1_2.mp4, 253.0, 125, 0, 0 
16_M_L2_2.mp4, 251.0, 96, 0, 54 
10_E_L2_1.mp4, 252.0, 163, 14, 73 
01_P_L4_1.mp4, 251.0, 200, 6, 0 
01_P_L3_2.mp4, 251.0, 219, 0, 32 
04_Y_L1_2.mp4, 251.0, 68, 0, 0 
07_L_L4_1.mp4, 251.0, 75, 150, 25 
12_N_L1_1.mp4, 250.0, 184, 6, 53 
05_J_L2_2.mp4, 251.0, 0, 0, 0 
10_E_L3_2.mp4, 251.0, 101, 12, 88 
08_D_L4_1.mp4, 251.0, 100, 0, 0 
10_E_L4_1.mp4, 251.0, 183, 48, 20 
10_E_L2_2.mp4, 253.0, 67, 34, 152 
13_E_L4_2.mp4, 251.0, 210, 0, 0 
06_C_L2_2.mp4, 253.0, 31, 11, 71 
01_P_L2_2.mp4, 253.0, 150, 0, 103 
14_R_L3_2.mp4, 251.0, 3, 0, 2 
05_J_L3_2.mp4, 251.0, 51, 72, 99 
16_M_L1_2.mp4, 252.0, 144, 0, 0 
10_E_L3_1.mp4, 251.0, 123, 10, 117 
13_E_L2_2.mp4, 253.0, 182, 0, 0 
17_S_L2_1.mp4, 253.0, 253, 0, 0 
11_T_L2_2.mp4, 251.0, 131, 7, 39 
08_D_L3_1.mp4, 252.0, 136, 19, 33 
11_T_L1(A)_1.mp4, 253.0, 0, 0, 0 
10_E_L1_2.mp4, 252.0, 92, 87, 72 
10_E_L1_1.mp4, 251.0, 169, 2, 79 
12_N_L3_2.mp4, 250.0, 237, 3, 2 
06_C_L3_2.mp4, 252.0, 25, 2, 1 
08_D_L1_2.mp4, 251.0, 93, 117, 34 
11_T_L2_1.mp4, 253.0, 135, 23, 19 
12_N_L3_1.mp4, 252.0, 247, 5, 0 
14_R_L3_1.mp4, 252.0, 55, 103, 31 
06_C_L3_1.mp4, 251.0, 65, 7, 158 
07_L_L1(A)_1.mp4, 252.0, 216, 16, 0 
05_J_L2_1.mp4, 252.0, 75, 6, 32 
05_J_L4_2.mp4, 251.0, 49, 11, 190 
16_M_L3_2.mp4, 251.0, 149, 0, 68 
06_C_L4_1.mp4, 251.0, 110, 53, 11 
04_Y_L2_1.mp4, 251.0, 77, 2, 68 
03_A_L2_1.mp4, 253.0, 127, 39, 1 
17_S_L3_1.mp4, 251.0, 247, 0, 4 
12_N_L1_2.mp4, 251.0, 0, 13, 238 
04_Y_L3_2.mp4, 252.0, 104, 42, 76 
14_R_L2_1.mp4, 252.0, 107, 5, 89 
06_C_L2_1.mp4, 252.0, 252, 0, 0 
15_R_L2_2.mp4, 252.0, 161, 2, 0 
07_L_L3_1.mp4, 251.0, 84, 111, 3 
08_D_L2_2.mp4, 252.0, 86, 1, 1 
15_R_L4_2.mp4, 252.0, 15, 0, 3 
13_E_L4_1.mp4, 252.0, 97, 0, 0 
15_R_L1_2.mp4, 251.0, 250, 0, 0 
07_L_L2_2.mp4, 251.0, 146, 104, 0 
