01_P_L1.MTS, 504.0, 486, 17, 0 
01_P_L1.MTS, 505.0, 203, 15, 212 
01_P_L2.MTS, 501.0, 296, 4, 199 
01_P_L2.MTS, 505.0, 489, 0, 16 
01_P_L3.MTS, 503.0, 312, 8, 172 
01_P_L3.MTS, 501.0, 432, 2, 56 
01_P_L4.MTS, 501.0, 376, 26, 0 
01_P_L4.MTS, 505.0, 441, 19, 0 
03_A_L1.MTS, 505.0, 174, 20, 149 
03_A_L1.MTS, 505.0, 7, 8, 34 
03_A_L2.MTS, 505.0, 291, 78, 0 
03_A_L2.MTS, 505.0, 456, 0, 0 
03_A_L3.MTS, 500.0, 352, 2, 0 
03_A_L3.MTS, 503.0, 10, 0, 0 
03_A_L4.MTS, 503.0, 9, 10, 1 
03_A_L4.MTS, 502.0, 253, 59, 18 
04_Y_L1.MTS, 505.0, 267, 0, 166 
04_Y_L1.MTS, 501.0, 139, 0, 0 
04_Y_L2.MTS, 501.0, 196, 14, 136 
04_Y_L2.MTS, 503.0, 10, 1, 3 
04_Y_L3.MTS, 503.0, 114, 0, 25 
04_Y_L3.MTS, 503.0, 224, 82, 117 
04_Y_L4.MTS, 500.0, 41, 147, 0 
04_Y_L4.MTS, 502.0, 0, 33, 357 
05_J_L1(A).MTS, 501.0, 39, 42, 39 
05_J_L1(A).MTS, 504.0, 148, 46, 81 
05_J_L2.MTS, 503.0, 181, 21, 58 
05_J_L2.MTS, 501.0, 13, 0, 0 
05_J_L3.MTS, 503.0, 50, 43, 106 
05_J_L3.MTS, 501.0, 107, 136, 209 
05_J_L4.MTS, 503.0, 159, 48, 282 
05_J_L4.MTS, 501.0, 16, 20, 457 
06_C_L1.MTS, 505.0, 285, 18, 202 
06_C_L2.MTS, 503.0, 503, 0, 0 
06_C_L2.MTS, 505.0, 88, 24, 132 
06_C_L3.MTS, 501.0, 153, 63, 233 
06_C_L3.MTS, 503.0, 104, 9, 2 
06_C_L4.MTS, 502.0, 239, 145, 16 
06_C_L4.MTS, 503.0, 16, 0, 200 
07_L_L1(A).MTS, 503.0, 321, 16, 0 
07_L_L1(A).MTS, 505.0, 324, 0, 0 
07_L_L2.MTS, 500.0, 430, 16, 20 
07_L_L2.MTS, 502.0, 328, 174, 0 
07_L_L3.MTS, 501.0, 223, 176, 40 
07_L_L3.MTS, 502.0, 287, 197, 14 
07_L_L4.MTS, 501.0, 133, 302, 42 
07_L_L4.MTS, 503.0, 121, 61, 5 
08_D_L1.MTS, 501.0, 157, 210, 5 
08_D_L1.MTS, 501.0, 142, 126, 212 
08_D_L2.MTS, 505.0, 90, 0, 0 
08_D_L2.MTS, 504.0, 215, 4, 9 
08_D_L3.MTS, 503.0, 209, 219, 48 
08_D_L3.MTS, 503.0, 66, 52, 16 
08_D_L4.MTS, 501.0, 215, 21, 0 
08_D_L4.MTS, 501.0, 31, 11, 3 
10_E_L1.MTS, 501.0, 339, 27, 127 
10_E_L1.MTS, 504.0, 116, 272, 83 
10_E_L2.MTS, 504.0, 277, 63, 151 
10_E_L2.MTS, 505.0, 113, 87, 302 
10_E_L3.MTS, 502.0, 269, 16, 194 
10_E_L3.MTS, 501.0, 178, 46, 208 
10_E_L4.MTS, 502.0, 342, 140, 15 
10_E_L4.MTS, 501.0, 176, 164, 41 
03_A_L3_1.mp4, 0.0, 0, 0, 0 
04_Y_L4_2.mp4, 0.0, 0, 0, 0 
04_Y_L1_1.mp4, 0.0, 0, 0, 0 
11_T_L3_1.mp4, 0.0, 0, 0, 0 
11_T_L3_2.mp4, 0.0, 0, 0, 0 
16_M_L2_1.mp4, 0.0, 0, 0, 0 
01_P_L1_1.mp4, 0.0, 0, 0, 0 
04_Y_L2_2.mp4, 0.0, 0, 0, 0 
05_J_L3_1.mp4, 0.0, 0, 0, 0 
08_D_L4_2.mp4, 0.0, 0, 0, 0 
07_L_L2_1.mp4, 0.0, 0, 0, 0 
05_J_L1(A)_2.mp4, 0.0, 0, 0, 0 
01_P_L2_1.mp4, 0.0, 0, 0, 0 
16_M_L4_2.mp4, 0.0, 0, 0, 0 
12_N_L4_1.mp4, 0.0, 0, 0, 0 
01_P_L3_1.mp4, 0.0, 0, 0, 0 
14_R_L4_1.mp4, 0.0, 0, 0, 0 
04_Y_L4_1.mp4, 0.0, 0, 0, 0 
05_J_L4_1.mp4, 0.0, 0, 0, 0 
07_L_L4_2.mp4, 0.0, 0, 0, 0 
14_R_L2_2.mp4, 0.0, 0, 0, 0 
17_S_L2_2.mp4, 0.0, 0, 0, 0 
11_T_L1(A)_2.mp4, 0.0, 0, 0, 0 
13_E_L3_2.mp4, 0.0, 0, 0, 0 
03_A_L3_2.mp4, 0.0, 0, 0, 0 
16_M_L4_1.mp4, 0.0, 0, 0, 0 
03_A_L1_1.mp4, 0.0, 0, 0, 0 
14_R_L4_2.mp4, 0.0, 0, 0, 0 
03_A_L1_2.mp4, 0.0, 0, 0, 0 
08_D_L3_2.mp4, 0.0, 0, 0, 0 
17_S_L4_1.mp4, 0.0, 0, 0, 0 
16_M_L3_1.mp4, 0.0, 0, 0, 0 
03_A_L4_2.mp4, 0.0, 0, 0, 0 
15_R_L3_1.mp4, 0.0, 0, 0, 0 
13_E_L3_1.mp4, 0.0, 0, 0, 0 
13_E_L1_1.mp4, 0.0, 0, 0, 0 
14_R_L1_1.mp4, 0.0, 0, 0, 0 
07_L_L1(A)_2.mp4, 0.0, 0, 0, 0 
12_N_L2_2.mp4, 0.0, 0, 0, 0 
01_P_L4_2.mp4, 0.0, 0, 0, 0 
07_L_L3_2.mp4, 0.0, 0, 0, 0 
16_M_L1_1.mp4, 0.0, 0, 0, 0 
13_E_L2_1.mp4, 0.0, 0, 0, 0 
15_R_L1_1.mp4, 0.0, 0, 0, 0 
15_R_L4_1.mp4, 0.0, 0, 0, 0 
06_C_L1_1.mp4, 0.0, 0, 0, 0 
03_A_L2_2.mp4, 0.0, 0, 0, 0 
05_J_L1(A)_1.mp4, 0.0, 0, 0, 0 
17_S_L1_1.mp4, 0.0, 0, 0, 0 
08_D_L1_1.mp4, 0.0, 0, 0, 0 
15_R_L2_1.mp4, 0.0, 0, 0, 0 
04_Y_L3_1.mp4, 0.0, 0, 0, 0 
12_N_L2_1.mp4, 0.0, 0, 0, 0 
06_C_L4_2.mp4, 0.0, 0, 0, 0 
15_R_L3_2.mp4, 0.0, 0, 0, 0 
17_S_L1_2.mp4, 0.0, 0, 0, 0 
17_S_L3_2.mp4, 0.0, 0, 0, 0 
14_R_L1_2.mp4, 0.0, 0, 0, 0 
10_E_L4_2.mp4, 0.0, 0, 0, 0 
08_D_L2_1.mp4, 0.0, 0, 0, 0 
03_A_L4_1.mp4, 0.0, 0, 0, 0 
13_E_L1_2.mp4, 0.0, 0, 0, 0 
16_M_L2_2.mp4, 0.0, 0, 0, 0 
10_E_L2_1.mp4, 0.0, 0, 0, 0 
01_P_L4_1.mp4, 0.0, 0, 0, 0 
01_P_L3_2.mp4, 0.0, 0, 0, 0 
01_P_L1_2.mp4, 0.0, 0, 0, 0 
04_Y_L1_2.mp4, 0.0, 0, 0, 0 
07_L_L4_1.mp4, 0.0, 0, 0, 0 
12_N_L1_1.mp4, 0.0, 0, 0, 0 
05_J_L2_2.mp4, 0.0, 0, 0, 0 
10_E_L3_2.mp4, 0.0, 0, 0, 0 
08_D_L4_1.mp4, 0.0, 0, 0, 0 
10_E_L4_1.mp4, 0.0, 0, 0, 0 
10_E_L2_2.mp4, 0.0, 0, 0, 0 
13_E_L4_2.mp4, 0.0, 0, 0, 0 
06_C_L2_2.mp4, 0.0, 0, 0, 0 
01_P_L2_2.mp4, 0.0, 0, 0, 0 
14_R_L3_2.mp4, 0.0, 0, 0, 0 
05_J_L3_2.mp4, 0.0, 0, 0, 0 
16_M_L1_2.mp4, 0.0, 0, 0, 0 
10_E_L3_1.mp4, 0.0, 0, 0, 0 
13_E_L2_2.mp4, 0.0, 0, 0, 0 
17_S_L2_1.mp4, 0.0, 0, 0, 0 
11_T_L2_2.mp4, 0.0, 0, 0, 0 
08_D_L3_1.mp4, 0.0, 0, 0, 0 
11_T_L1(A)_1.mp4, 0.0, 0, 0, 0 
10_E_L1_2.mp4, 0.0, 0, 0, 0 
10_E_L1_1.mp4, 0.0, 0, 0, 0 
12_N_L3_2.mp4, 0.0, 0, 0, 0 
06_C_L3_2.mp4, 0.0, 0, 0, 0 
08_D_L1_2.mp4, 0.0, 0, 0, 0 
11_T_L2_1.mp4, 0.0, 0, 0, 0 
12_N_L3_1.mp4, 0.0, 0, 0, 0 
14_R_L3_1.mp4, 0.0, 0, 0, 0 
06_C_L3_1.mp4, 0.0, 0, 0, 0 
07_L_L1(A)_1.mp4, 0.0, 0, 0, 0 
05_J_L2_1.mp4, 0.0, 0, 0, 0 
05_J_L4_2.mp4, 0.0, 0, 0, 0 
16_M_L3_2.mp4, 0.0, 0, 0, 0 
06_C_L4_1.mp4, 0.0, 0, 0, 0 
04_Y_L2_1.mp4, 0.0, 0, 0, 0 
03_A_L2_1.mp4, 0.0, 0, 0, 0 
17_S_L3_1.mp4, 0.0, 0, 0, 0 
12_N_L1_2.mp4, 0.0, 0, 0, 0 
04_Y_L3_2.mp4, 0.0, 0, 0, 0 
14_R_L2_1.mp4, 0.0, 0, 0, 0 
06_C_L2_1.mp4, 0.0, 0, 0, 0 
15_R_L2_2.mp4, 0.0, 0, 0, 0 
07_L_L3_1.mp4, 0.0, 0, 0, 0 
08_D_L2_2.mp4, 0.0, 0, 0, 0 
15_R_L4_2.mp4, 0.0, 0, 0, 0 
13_E_L4_1.mp4, 0.0, 0, 0, 0 
15_R_L1_2.mp4, 0.0, 0, 0, 0 
07_L_L2_2.mp4, 0.0, 0, 0, 0 
